{
  "camera_angle_x": 0.6752880068947793,
  "camera_angle_y": 1.0956297270074868,
  "fl_x": 1076.6522924035305,
  "fl_y": 1101.4538917780997,
  "k1": -0.006361632703264911,
  "k2": -0.09277114045142508,
  "k3": 0,
  "k4": 0,
  "p1": 0.002325205020217264,
  "p2": 0.0016488229675166795,
  "is_fisheye": false,
  "cx": 372.184846989379,
  "cy": 670.13845834219,
  "w": 756.0,
  "h": 1344.0,
  "aabb_scale": 16,
  "frames": [
    {
      "file_path": "./images/0006.jpg",
      "sharpness": 7.715131745320544,
      "transform_matrix": [
        [
          0.35959288366608083,
          -0.02110471587049626,
          0.9328705960613386,
          3.7315719442877398
        ],
        [
          0.9008297557087088,
          0.2685346514913688,
          -0.341166956457098,
          -1.1607790381967429
        ],
        [
          -0.24330784871944805,
          0.9630388008417614,
          0.11557490573596822,
          0.5450714846854525
        ],
        [
          0.0,
          0.0,
          0.0,
          1.0
        ]
      ]
    },
    {
      "file_path": "./images/0008.jpg",
      "sharpness": 6.459756445980986,
      "transform_matrix": [
        [
          0.20743713270441794,
          -0.04671158568371565,
          0.9771324699084465,
          4.0040921896194845
        ],
        [
          0.9614192403749952,
          0.1942148297302633,
          -0.19481695036524513,
          -0.7347569887176109
        ],
        [
          -0.1806734075975543,
          0.9798462265511071,
          0.08519678463267195,
          0.34904788195051495
        ],
        [
          0.0,
          0.0,
          0.0,
          1.0
        ]
      ]
    },
    {
      "file_path": "./images/0009.jpg",
      "sharpness": 12.942317567603611,
      "transform_matrix": [
        [
          0.14918621037999724,
          -0.052214788373048736,
          0.9874295369892029,
          4.0942744116900345
        ],
        [
          0.9779326736932829,
          0.15549730938903053,
          -0.1395287515026271,
          -0.638385687281819
        ],
        [
          -0.14625717198141183,
          0.9864553728673006,
          0.07426060191201993,
          0.2316162318140604
        ],
        [
          0.0,
          0.0,
          0.0,
          1.0
        ]
      ]
    },
    {
      "file_path": "./images/0005.jpg",
      "sharpness": 10.276896577882493,
      "transform_matrix": [
        [
          0.40124733394446527,
          -0.01154157806631273,
          0.9158970296869058,
          3.5809015719352164
        ],
        [
          0.877936290945244,
          0.28999184047312565,
          -0.38096272980479323,
          -1.4169762450832826
        ],
        [
          -0.26120575423637715,
          0.9569595207974668,
          0.126491223094684,
          0.6022662729037319
        ],
        [
          0.0,
          0.0,
          0.0,
          1.0
        ]
      ]
    },
    {
      "file_path": "./images/0004.jpg",
      "sharpness": 14.785154280805438,
      "transform_matrix": [
        [
          0.44539518194487027,
          0.0006464906154613184,
          0.8953338561460069,
          3.4950775387089017
        ],
        [
          0.84983268936159,
          0.3144301554838757,
          -0.42298708894579207,
          -1.6341133843291251
        ],
        [
          -0.2817934207814317,
          0.9492803902863863,
          0.13949626745231014,
          0.5771884414611969
        ],
        [
          0.0,
          0.0,
          0.0,
          1.0
        ]
      ]
    },
    {
      "file_path": "./images/0001.jpg",
      "sharpness": 21.520189670266944,
      "transform_matrix": [
        [
          0.5071329771551325,
          0.016545767290462296,
          0.8617089886253019,
          3.41105770836017
        ],
        [
          0.8091751088688915,
          0.33508922992563545,
          -0.48264982251614336,
          -1.923726419086889
        ],
        [
          -0.29673521306458556,
          0.9420411061001889,
          0.15654637573622907,
          0.574348771924582
        ],
        [
          0.0,
          0.0,
          0.0,
          1.0
        ]
      ]
    },
    {
      "file_path": "./images/0010.jpg",
      "sharpness": 11.665759914097608,
      "transform_matrix": [
        [
          0.10453121724328343,
          -0.0545354743202732,
          0.9930252296258134,
          4.229959222610518
        ],
        [
          0.9873196106985507,
          0.1256384608438044,
          -0.09703073475381284,
          -0.4503620083610235
        ],
        [
          -0.11947054428580876,
          0.9905760239418231,
          0.06697708451972842,
          0.09992768940224368
        ],
        [
          0.0,
          0.0,
          0.0,
          1.0
        ]
      ]
    },
    {
      "file_path": "./images/0015.jpg",
      "sharpness": 11.133623003317341,
      "transform_matrix": [
        [
          -0.12486152069340624,
          -0.021392705363203455,
          0.9919435229983974,
          4.232390959104936
        ],
        [
          0.9921454019292156,
          -0.010306540573701338,
          0.12466465678820422,
          0.49907802622161934
        ],
        [
          0.007556591894728296,
          0.9997180239396237,
          0.022511564590049406,
          -0.05743578187977532
        ],
        [
          0.0,
          0.0,
          0.0,
          1.0
        ]
      ]
    },
    {
      "file_path": "./images/0016.jpg",
      "sharpness": 12.959886411332356,
      "transform_matrix": [
        [
          -0.15346008850846715,
          -0.024582067901401907,
          0.9878490386611525,
          4.127141743844882
        ],
        [
          0.9880396151233944,
          -0.019083706075666014,
          0.1530148068300405,
          0.635119971099284
        ],
        [
          0.015090400329522713,
          0.9995156497580242,
          0.027216644131679582,
          -0.02190113299341406
        ],
        [
          0.0,
          0.0,
          0.0,
          1.0
        ]
      ]
    },
    {
      "file_path": "./images/0002.jpg",
      "sharpness": 22.461856719017035,
      "transform_matrix": [
        [
          0.4994127730424893,
          0.01226007202977179,
          0.8662774225194458,
          3.431647060062031
        ],
        [
          0.8152158980340907,
          0.33182784626761047,
          -0.47467180244235335,
          -1.8598580613282252
        ],
        [
          -0.2932744818733295,
          0.9432602880886598,
          0.1557244592475112,
          0.5649412258478356
        ],
        [
          0.0,
          0.0,
          0.0,
          1.0
        ]
      ]
    },
    {
      "file_path": "./images/0013.jpg",
      "sharpness": 11.57833545063478,
      "transform_matrix": [
        [
          -0.058048624491649055,
          -0.02741179692930788,
          0.9979373480308437,
          4.5703508841349025
        ],
        [
          0.9977082123382115,
          0.03321873326124391,
          0.05894776326045985,
          0.2392293041959331
        ],
        [
          -0.034766078691602344,
          0.9990721241035174,
          0.025420673138147647,
          0.055139373532011995
        ],
        [
          0.0,
          0.0,
          0.0,
          1.0
        ]
      ]
    },
    {
      "file_path": "./images/0007.jpg",
      "sharpness": 34.602955915105795,
      "transform_matrix": [
        [
          0.2805228891784309,
          -0.03238628503418162,
          0.9593008064208898,
          3.915024966207906
        ],
        [
          0.9352262874913829,
          0.23413651444235414,
          -0.2655783948100316,
          -0.8482620549781029
        ],
        [
          -0.2160062495238885,
          0.9716641503919786,
          0.095969156611692,
          0.4290591123182219
        ],
        [
          0.0,
          0.0,
          0.0,
          1.0
        ]
      ]
    },
    {
      "file_path": "./images/0011.jpg",
      "sharpness": 22.042707883864253,
      "transform_matrix": [
        [
          0.06437426544830965,
          -0.048736535434468375,
          0.9967350219957829,
          4.378757760283173
        ],
        [
          0.993974903133853,
          0.0919219129364841,
          -0.05970137236402163,
          -0.23911209969642733
        ],
        [
          -0.08871215186293537,
          0.9945728289305672,
          0.05436029871144493,
          0.0051048907358605625
        ],
        [
          0.0,
          0.0,
          0.0,
          1.0
        ]
      ]
    },
    {
      "file_path": "./images/0012.jpg",
      "sharpness": 31.093960488314476,
      "transform_matrix": [
        [
          0.026514071020100304,
          -0.038113912475479905,
          0.9989215853733722,
          4.505713486382636
        ],
        [
          0.9977943315289975,
          0.061842363951259284,
          -0.024124551592164194,
          -0.018410350931062018
        ],
        [
          -0.06085619119353506,
          0.9973579356017532,
          0.03966953865028079,
          0.017397535440284783
        ],
        [
          0.0,
          0.0,
          0.0,
          1.0
        ]
      ]
    },
    {
      "file_path": "./images/0003.jpg",
      "sharpness": 38.57425613972539,
      "transform_matrix": [
        [
          0.4792110077542457,
          0.010971000016125498,
          0.8776311567036037,
          3.4718947975695182
        ],
        [
          0.8279485776658094,
          0.32621831816835983,
          -0.45616089445783536,
          -1.7790803857803121
        ],
        [
          -0.2913039010924546,
          0.9452307898391651,
          0.1472439851384322,
          0.5314232848478463
        ],
        [
          0.0,
          0.0,
          0.0,
          1.0
        ]
      ]
    },
    {
      "file_path": "./images/0014.jpg",
      "sharpness": 37.38133620754051,
      "transform_matrix": [
        [
          -0.11703223443594507,
          -0.01998973551413837,
          0.9929269190570388,
          4.428392060241572
        ],
        [
          0.9931211971932727,
          0.0013765428691035184,
          0.11708284594735667,
          0.3365934302132965
        ],
        [
          -0.003707261593699164,
          0.999799237654693,
          0.01969113017760994,
          0.01372924624268633
        ],
        [
          0.0,
          0.0,
          0.0,
          1.0
        ]
      ]
    },
    {
      "file_path": "./images/0019.jpg",
      "sharpness": 15.813852125125255,
      "transform_matrix": [
        [
          -0.33254374932985403,
          -0.03539332877758999,
          0.942423454223622,
          3.594793434853051
        ],
        [
          0.9378825236132926,
          -0.11725819592392107,
          0.3265377273599965,
          1.1409321308379645
        ],
        [
          0.09894961689591256,
          0.9924705677135496,
          0.07218826462519644,
          0.2277591957758967
        ],
        [
          0.0,
          0.0,
          0.0,
          1.0
        ]
      ]
    },
    {
      "file_path": "./images/0023.jpg",
      "sharpness": 7.14363165641956,
      "transform_matrix": [
        [
          -0.6116792779643708,
          0.054177848796353366,
          0.7892485170210232,
          3.004036927765476
        ],
        [
          0.744293633025363,
          -0.29868069228405675,
          0.5973414700944725,
          2.364439382823706
        ],
        [
          0.2680959692945741,
          0.95281404521902,
          0.14237256228807357,
          0.5399191644818419
        ],
        [
          0.0,
          0.0,
          0.0,
          1.0
        ]
      ]
    },
    {
      "file_path": "./images/0026.jpg",
      "sharpness": 5.198985440249724,
      "transform_matrix": [
        [
          -0.6874116783245262,
          0.10203533247152542,
          0.7190646531721484,
          2.478028243291515
        ],
        [
          0.6313623506267885,
          -0.4053840877770483,
          0.6610940353597126,
          2.346124058943569
        ],
        [
          0.3589523181717817,
          0.9084341100563578,
          0.21424448878866978,
          0.9058733671443966
        ],
        [
          0.0,
          0.0,
          0.0,
          1.0
        ]
      ]
    },
    {
      "file_path": "./images/0018.jpg",
      "sharpness": 24.193503472812726,
      "transform_matrix": [
        [
          -0.24383830793316066,
          -0.042290145144171926,
          0.9688934013703863,
          3.848205262240207
        ],
        [
          0.9675197111622661,
          -0.07931514283616946,
          0.2400306576863999,
          0.8115489940923821
        ],
        [
          0.06669698717010536,
          0.9959521332632373,
          0.060256619237548034,
          0.12041005709327958
        ],
        [
          0.0,
          0.0,
          0.0,
          1.0
        ]
      ]
    },
    {
      "file_path": "./images/0017.jpg",
      "sharpness": 31.694338263768355,
      "transform_matrix": [
        [
          -0.19384964956180903,
          -0.034917264094302944,
          0.9804096582776156,
          4.029541865621783
        ],
        [
          0.9800216950017816,
          -0.052218907849270926,
          0.19191316523070215,
          0.6850720719645454
        ],
        [
          0.044494838926599986,
          0.9980250349276157,
          0.04434229332960519,
          0.03498238638423265
        ],
        [
          0.0,
          0.0,
          0.0,
          1.0
        ]
      ]
    },
    {
      "file_path": "./images/0025.jpg",
      "sharpness": 7.829079663618322,
      "transform_matrix": [
        [
          -0.6708389786845397,
          0.09842659092828214,
          0.7350423599268406,
          2.734601048868602
        ],
        [
          0.6640435678733118,
          -0.3615676592151407,
          0.6544577662277138,
          2.2254114752770064
        ],
        [
          0.3301835923390532,
          0.9271359307122031,
          0.17719413461962127,
          0.7992402904834147
        ],
        [
          0.0,
          0.0,
          0.0,
          1.0
        ]
      ]
    },
    {
      "file_path": "./images/0024.jpg",
      "sharpness": 11.364146263468735,
      "transform_matrix": [
        [
          -0.6534120249788583,
          0.0817224938534503,
          0.7525783411861516,
          2.9706762529251587
        ],
        [
          0.6974459749785309,
          -0.32152925529413773,
          0.6404592492705886,
          2.2837870262585716
        ],
        [
          0.29431588065398195,
          0.9433665098986357,
          0.15309405738839024,
          0.707730380580991
        ],
        [
          0.0,
          0.0,
          0.0,
          1.0
        ]
      ]
    },
    {
      "file_path": "./images/0020.jpg",
      "sharpness": 15.656994034131849,
      "transform_matrix": [
        [
          -0.41378641444438324,
          -0.016780879492839688,
          0.9102193171515347,
          3.4848854037858352
        ],
        [
          0.8983145216987474,
          -0.169726828592718,
          0.4052453870940564,
          1.5181186572615382
        ],
        [
          0.14768826401810484,
          0.9853482662237171,
          0.0853051635736918,
          0.35364835497164154
        ],
        [
          0.0,
          0.0,
          0.0,
          1.0
        ]
      ]
    },
    {
      "file_path": "./images/0021.jpg",
      "sharpness": 11.87085262246491,
      "transform_matrix": [
        [
          -0.4869591925216183,
          -0.0024076775423351017,
          0.8734214034008122,
          3.250932668255001
        ],
        [
          0.8520597014766522,
          -0.22113601446961692,
          0.4744398046370205,
          1.8790162340945256
        ],
        [
          0.19200263003770066,
          0.9752400044111724,
          0.10973570005154767,
          0.32138056634775775
        ],
        [
          0.0,
          0.0,
          0.0,
          1.0
        ]
      ]
    },
    {
      "file_path": "./images/0022.jpg",
      "sharpness": 18.925583361324918,
      "transform_matrix": [
        [
          -0.5498824957647762,
          0.02782997586791969,
          0.8347782539727485,
          3.1343422088615345
        ],
        [
          0.8012310910072188,
          -0.2647237099875543,
          0.5366098174407635,
          2.2176180790862303
        ],
        [
          0.23591943467846407,
          0.9639226368458946,
          0.12326869240870934,
          0.42087849415388917
        ],
        [
          0.0,
          0.0,
          0.0,
          1.0
        ]
      ]
    },
    {
      "file_path": "./images/0027.jpg",
      "sharpness": 6.551969824514845,
      "transform_matrix": [
        [
          -0.7451510984774284,
          0.12589490168273595,
          0.6549048130677272,
          2.0332495146813137
        ],
        [
          0.548449656828347,
          -0.44300796831718475,
          0.7091875026622727,
          2.6008152275931935
        ],
        [
          0.3794111416005713,
          0.8876341666174846,
          0.26106085860146905,
          1.100036929367892
        ],
        [
          0.0,
          0.0,
          0.0,
          1.0
        ]
      ]
    }
  ]
}