{
  "camera_angle_x": 0.7713019803211122,
  "camera_angle_y": 1.2451638360426704,
  "fl_x": 1330.11442346977,
  "fl_y": 1337.3937213139307,
  "k1": -0.09036867002105017,
  "k2": -0.03385747436851556,
  "k3": 0,
  "k4": 0,
  "p1": 0.002915159436475914,
  "p2": 0.0036255468101297618,
  "is_fisheye": false,
  "cx": 550.7714338417976,
  "cy": 993.0088295882684,
  "w": 1080.0,
  "h": 1920.0,
  "aabb_scale": 16,
  "frames": [
    {
      "file_path": "./images/0066.jpg",
      "sharpness": 4.365938946003646,
      "transform_matrix": [
        [
          0.5746839744995172,
          -0.04605853252631571,
          0.8170782955581903,
          2.853069048592601
        ],
        [
          0.6907713153963982,
          0.5626734959297768,
          -0.4541294163610315,
          -1.5568635778236164
        ],
        [
          -0.43883176651544914,
          0.8253951469360818,
          0.35517535408489304,
          1.3226806739647103
        ],
        [
          0.0,
          0.0,
          0.0,
          1.0
        ]
      ]
    },
    {
      "file_path": "./images/0003.jpg",
      "sharpness": 4.173146681423158,
      "transform_matrix": [
        [
          -0.24978342791232502,
          -0.23251988675028137,
          0.9399695428274908,
          3.5700845025381858
        ],
        [
          0.9672668390546342,
          -0.015048065939985244,
          0.2533148589748354,
          1.177760912722326
        ],
        [
          -0.04475601865894638,
          0.972475222314238,
          0.22866753336822637,
          0.5691165690301293
        ],
        [
          0.0,
          0.0,
          0.0,
          1.0
        ]
      ]
    },
    {
      "file_path": "./images/0065.jpg",
      "sharpness": 7.228998809362339,
      "transform_matrix": [
        [
          0.6032587939047461,
          0.01049197122409691,
          0.7974764862701225,
          2.75453559331038
        ],
        [
          0.6559023466467646,
          0.5623321553232296,
          -0.5035619711152907,
          -1.6569468834335737
        ],
        [
          -0.453730029054365,
          0.8268448860914966,
          0.33235010924731234,
          1.4388075548181765
        ],
        [
          0.0,
          0.0,
          0.0,
          1.0
        ]
      ]
    },
    {
      "file_path": "./images/0004.jpg",
      "sharpness": 5.830151683161649,
      "transform_matrix": [
        [
          -0.3460055077675382,
          -0.21717795830439127,
          0.9127507453070532,
          3.4740472316334303
        ],
        [
          0.9382324204145074,
          -0.07974193107113928,
          0.3366914755572213,
          1.3397124934730997
        ],
        [
          -0.00033746022260414815,
          0.9728694459657604,
          0.2313545488312435,
          0.6225044092044122
        ],
        [
          0.0,
          0.0,
          0.0,
          1.0
        ]
      ]
    },
    {
      "file_path": "./images/0005.jpg",
      "sharpness": 5.498276908614968,
      "transform_matrix": [
        [
          -0.37225273499556,
          -0.22846377176917892,
          0.899573346823172,
          3.409065655910638
        ],
        [
          0.9279353309136429,
          -0.11153386314162797,
          0.3556630695132832,
          1.5112661968659031
        ],
        [
          0.019076764210423525,
          0.9671424416286892,
          0.25351839125750353,
          0.6271469264341893
        ],
        [
          0.0,
          0.0,
          0.0,
          1.0
        ]
      ]
    },
    {
      "file_path": "./images/0067.jpg",
      "sharpness": 4.068021202465325,
      "transform_matrix": [
        [
          0.5570077787297076,
          -0.08732128745739859,
          0.825903945521933,
          2.9934643680707116
        ],
        [
          0.7113187347110325,
          0.563467622230144,
          -0.42015461005220595,
          -1.2772330557049265
        ],
        [
          -0.4286816908928182,
          0.8215103355897367,
          0.3759691163520578,
          1.2685103965297233
        ],
        [
          0.0,
          0.0,
          0.0,
          1.0
        ]
      ]
    },
    {
      "file_path": "./images/0006.jpg",
      "sharpness": 4.305897768537571,
      "transform_matrix": [
        [
          -0.413312975784858,
          -0.19139785415648572,
          0.8902467329395123,
          3.456183783112645
        ],
        [
          0.9095637142828914,
          -0.13315885815053535,
          0.3936528523415966,
          1.5643671970665411
        ],
        [
          0.04319992720970854,
          0.9724379568681747,
          0.2291248270466598,
          0.7151684826952215
        ],
        [
          0.0,
          0.0,
          0.0,
          1.0
        ]
      ]
    },
    {
      "file_path": "./images/0008.jpg",
      "sharpness": 4.067733406563426,
      "transform_matrix": [
        [
          -0.5541172416723233,
          -0.15923502868005696,
          0.8170668810813679,
          3.216663646652333
        ],
        [
          0.8254223749716627,
          -0.23227091339363068,
          0.5145173716096927,
          2.506824245047721
        ],
        [
          0.10785168234779732,
          0.9595282322417286,
          0.26014147340216315,
          0.5893894744422161
        ],
        [
          0.0,
          0.0,
          0.0,
          1.0
        ]
      ]
    },
    {
      "file_path": "./images/0010.jpg",
      "sharpness": 5.938423406170063,
      "transform_matrix": [
        [
          -0.6748894804696429,
          -0.0859345587458917,
          0.7328979743469628,
          2.9299189713832994
        ],
        [
          0.7189934205081149,
          -0.3000726085893732,
          0.6269010215665054,
          2.836446353584685
        ],
        [
          0.16605014432649423,
          0.9500377262100989,
          0.26430222924661684,
          0.8135107134558414
        ],
        [
          0.0,
          0.0,
          0.0,
          1.0
        ]
      ]
    },
    {
      "file_path": "./images/0069.jpg",
      "sharpness": 4.531255304530685,
      "transform_matrix": [
        [
          0.3137222714269143,
          -0.13549295454329016,
          0.9397978483254708,
          3.0906144137536593
        ],
        [
          0.8845966409925363,
          0.40139530207315055,
          -0.23742492333165882,
          -0.7440014498261922
        ],
        [
          -0.3450610368718787,
          0.9058275060816935,
          0.24578325837363016,
          1.2505416678620427
        ],
        [
          0.0,
          0.0,
          0.0,
          1.0
        ]
      ]
    },
    {
      "file_path": "./images/0007.jpg",
      "sharpness": 5.195457632698622,
      "transform_matrix": [
        [
          -0.48373452804518596,
          -0.16869658665392143,
          0.8588028691530637,
          3.3993026636769677
        ],
        [
          0.8706616867852035,
          -0.1927136948420157,
          0.45255901160555945,
          1.9666471375895243
        ],
        [
          0.08915791353808067,
          0.9666451745643901,
          0.24009992291325588,
          0.6353162807638909
        ],
        [
          0.0,
          0.0,
          0.0,
          1.0
        ]
      ]
    },
    {
      "file_path": "./images/0074.jpg",
      "sharpness": 3.6886554629144017,
      "transform_matrix": [
        [
          -0.21739011824809346,
          -0.4020999114794524,
          0.8894139630754702,
          2.6309761874327693
        ],
        [
          0.9709513294744696,
          0.004246756918108253,
          0.23923937980223267,
          0.815422396321061
        ],
        [
          -0.09997525834162971,
          0.9155859469660922,
          0.38949624064394234,
          1.784454306319511
        ],
        [
          0.0,
          0.0,
          0.0,
          1.0
        ]
      ]
    },
    {
      "file_path": "./images/0009.jpg",
      "sharpness": 5.188706013969251,
      "transform_matrix": [
        [
          -0.6294527810049627,
          -0.10516794226528257,
          0.769888888374239,
          3.0810505150105336
        ],
        [
          0.7651737690673592,
          -0.25637584758969123,
          0.5905764369703864,
          2.788259320996459
        ],
        [
          0.13527120768029285,
          0.9608387631274078,
          0.24184824101602043,
          0.7587483387146831
        ],
        [
          0.0,
          0.0,
          0.0,
          1.0
        ]
      ]
    },
    {
      "file_path": "./images/0015.jpg",
      "sharpness": 4.805340952931868,
      "transform_matrix": [
        [
          -0.8896303127095881,
          0.160284740845005,
          0.4276291718274226,
          1.620481309748177
        ],
        [
          0.32576491770756366,
          -0.4335133000735764,
          0.8402044019469427,
          3.5374957269289555
        ],
        [
          0.32005487830953455,
          0.8867778868137449,
          0.33345142729707006,
          1.152580243144752
        ],
        [
          0.0,
          0.0,
          0.0,
          1.0
        ]
      ]
    },
    {
      "file_path": "./images/0070.jpg",
      "sharpness": 4.482871815821431,
      "transform_matrix": [
        [
          0.1758564565891717,
          -0.15240692102624018,
          0.9725464704252024,
          3.180130431090408
        ],
        [
          0.9348045292060084,
          0.3355287422947549,
          -0.11645151467778694,
          -0.4492378008266363
        ],
        [
          -0.3085692772440877,
          0.9296195961524742,
          0.20147557576144867,
          1.1857161139359167
        ],
        [
          0.0,
          0.0,
          0.0,
          1.0
        ]
      ]
    },
    {
      "file_path": "./images/0011.jpg",
      "sharpness": 5.697620553968882,
      "transform_matrix": [
        [
          -0.7281189307346655,
          -0.03708521707606744,
          0.6844468638379062,
          2.846646742704897
        ],
        [
          0.6585983377137058,
          -0.3146000052090905,
          0.6835752089447816,
          2.924007319397528
        ],
        [
          0.18997645191721538,
          0.948499616990604,
          0.25349048172201327,
          0.8096194534914355
        ],
        [
          0.0,
          0.0,
          0.0,
          1.0
        ]
      ]
    },
    {
      "file_path": "./images/0072.jpg",
      "sharpness": 4.154831593285079,
      "transform_matrix": [
        [
          0.010369727270165918,
          -0.26706885128825036,
          0.9636216568058411,
          3.2663404478906726
        ],
        [
          0.9765538511319406,
          0.2099282372307879,
          0.04767295935084859,
          0.10942028448650343
        ],
        [
          -0.21502335826200408,
          0.9405340844012552,
          0.2629840138093144,
          1.3780633662470063
        ],
        [
          0.0,
          0.0,
          0.0,
          1.0
        ]
      ]
    },
    {
      "file_path": "./images/0013.jpg",
      "sharpness": 5.659152679725004,
      "transform_matrix": [
        [
          -0.7996707439358229,
          0.04268207453324597,
          0.598919812532515,
          2.25474200268004
        ],
        [
          0.543542987467264,
          -0.3723613162136011,
          0.7522686162293055,
          3.2802437492395047
        ],
        [
          0.25512295484793146,
          0.927105868136918,
          0.27456690844635173,
          0.959023888766771
        ],
        [
          0.0,
          0.0,
          0.0,
          1.0
        ]
      ]
    },
    {
      "file_path": "./images/0016.jpg",
      "sharpness": 4.909769940409512,
      "transform_matrix": [
        [
          -0.8940149281270678,
          0.180619692709555,
          0.41001687151722993,
          1.5892258057166953
        ],
        [
          0.29215730171153464,
          -0.4587950322401725,
          0.8391371934606954,
          3.4686567772920704
        ],
        [
          0.33967840581079145,
          0.8699906005391919,
          0.35740024571526346,
          1.1545762848045613
        ],
        [
          0.0,
          0.0,
          0.0,
          1.0
        ]
      ]
    },
    {
      "file_path": "./images/0014.jpg",
      "sharpness": 6.198044462562198,
      "transform_matrix": [
        [
          -0.8462773881514468,
          0.08579561268345502,
          0.5257886411716721,
          1.877791072573364
        ],
        [
          0.4583323668946994,
          -0.38583721919900665,
          0.8006629014374268,
          3.4052559068557913
        ],
        [
          0.2715621913778392,
          0.918568861412785,
          0.2872024078849636,
          1.0742111467843196
        ],
        [
          0.0,
          0.0,
          0.0,
          1.0
        ]
      ]
    },
    {
      "file_path": "./images/0073.jpg",
      "sharpness": 4.456871135095014,
      "transform_matrix": [
        [
          -0.05107615166947366,
          -0.35535235061190484,
          0.9333359168501701,
          2.9946602093930026
        ],
        [
          0.9881090497031639,
          0.11772829146069469,
          0.09889668996065652,
          0.5400573444767501
        ],
        [
          -0.14502321409492763,
          0.9272889281886924,
          0.3451137654024804,
          1.6036460922301863
        ],
        [
          0.0,
          0.0,
          0.0,
          1.0
        ]
      ]
    },
    {
      "file_path": "./images/0012.jpg",
      "sharpness": 6.420782147190747,
      "transform_matrix": [
        [
          -0.7589643974828075,
          0.0393909978697788,
          0.6499395300162154,
          2.6744321967827513
        ],
        [
          0.6023739468181092,
          -0.3365084201952546,
          0.7238146940572469,
          3.0734363765405504
        ],
        [
          0.24722190753992657,
          0.9408562230533357,
          0.2316697995254605,
          0.8912016099144111
        ],
        [
          0.0,
          0.0,
          0.0,
          1.0
        ]
      ]
    },
    {
      "file_path": "./images/0002.jpg",
      "sharpness": 11.515862822871421,
      "transform_matrix": [
        [
          -0.16039604784086997,
          -0.2347184983475745,
          0.9587389292230739,
          3.784038734654716
        ],
        [
          0.985383400069886,
          0.018389567939804993,
          0.16935577539138216,
          1.0071550475392175
        ],
        [
          -0.05738172796183795,
          0.971889422908998,
          0.228338097941985,
          0.5085934954314847
        ],
        [
          0.0,
          0.0,
          0.0,
          1.0
        ]
      ]
    },
    {
      "file_path": "./images/0071.jpg",
      "sharpness": 5.307921968585149,
      "transform_matrix": [
        [
          0.033322977508491544,
          -0.18749238753380426,
          0.9817006589710325,
          3.3001254273998164
        ],
        [
          0.9674731465311764,
          0.2525054516843915,
          0.015385305048779392,
          -0.07388285884108199
        ],
        [
          -0.2507693958888769,
          0.9492563413123325,
          0.1898080836052229,
          1.2460600390144616
        ],
        [
          0.0,
          0.0,
          0.0,
          1.0
        ]
      ]
    },
    {
      "file_path": "./images/0001.jpg",
      "sharpness": 16.580630067071283,
      "transform_matrix": [
        [
          -0.14898933680190588,
          -0.2351860837208827,
          0.9604632650865308,
          3.782406943631115
        ],
        [
          0.9869525180535461,
          0.02459770937116784,
          0.1591215881085115,
          0.9307290431297489
        ],
        [
          -0.06104837939896963,
          0.971639057858235,
          0.22845270113342095,
          0.4942076027821688
        ],
        [
          0.0,
          0.0,
          0.0,
          1.0
        ]
      ]
    },
    {
      "file_path": "./images/0018.jpg",
      "sharpness": 4.933489578100553,
      "transform_matrix": [
        [
          -0.9270307438639654,
          0.28166021777247346,
          0.24755104866007482,
          1.5103833523185966
        ],
        [
          0.10582130998042433,
          -0.4368290756544908,
          0.8932984993928894,
          3.2345779735419744
        ],
        [
          0.35974414563830526,
          0.8543113486409913,
          0.3751483297313364,
          1.2375963496907927
        ],
        [
          0.0,
          0.0,
          0.0,
          1.0
        ]
      ]
    },
    {
      "file_path": "./images/0019.jpg",
      "sharpness": 4.124825410308629,
      "transform_matrix": [
        [
          -0.9248387720758889,
          0.34282770109862154,
          0.1647495464695224,
          1.0341330843597465
        ],
        [
          0.0011588219102107666,
          -0.43060017825289915,
          0.9025420453480658,
          3.4365513679654804
        ],
        [
          0.3803575986283859,
          0.8348967923507126,
          0.39783846385960986,
          1.3544021788518945
        ],
        [
          0.0,
          0.0,
          0.0,
          1.0
        ]
      ]
    },
    {
      "file_path": "./images/0032.jpg",
      "sharpness": 6.597079947207569,
      "transform_matrix": [
        [
          0.4366289567893669,
          0.08016571794787133,
          0.8960628392006046,
          3.2715371728895177
        ],
        [
          0.8026497829508403,
          0.415154196561653,
          -0.428252634559246,
          -1.892059542168672
        ],
        [
          -0.4063354279895901,
          0.9062121444645806,
          0.11692334764048529,
          0.4925617805686957
        ],
        [
          0.0,
          0.0,
          0.0,
          1.0
        ]
      ]
    },
    {
      "file_path": "./images/0096.jpg",
      "sharpness": 3.3842587766877887,
      "transform_matrix": [
        [
          -0.4314926102397104,
          -0.2763007786574318,
          0.8587619035909402,
          4.430209924190914
        ],
        [
          0.901041538328011,
          -0.17845776161971258,
          0.39531882516001127,
          1.36103680625044
        ],
        [
          0.04402582786947033,
          0.9443572984142607,
          0.3259616840215454,
          1.4855324149989297
        ],
        [
          0.0,
          0.0,
          0.0,
          1.0
        ]
      ]
    },
    {
      "file_path": "./images/0033.jpg",
      "sharpness": 5.127064966299402,
      "transform_matrix": [
        [
          0.36553881191985504,
          0.043915370907993447,
          0.9297595480636653,
          3.3063388752408094
        ],
        [
          0.8467979575429504,
          0.3989896789313625,
          -0.3517676153486189,
          -1.3450196216312034
        ],
        [
          -0.3864124688667456,
          0.9159032024927831,
          0.10865876681522474,
          0.6242460032587401
        ],
        [
          0.0,
          0.0,
          0.0,
          1.0
        ]
      ]
    },
    {
      "file_path": "./images/0097.jpg",
      "sharpness": 3.603005883016703,
      "transform_matrix": [
        [
          -0.45521424713659125,
          -0.19025640053690912,
          0.8698175045927293,
          4.521366696382881
        ],
        [
          0.8876937208908249,
          -0.1728309905324514,
          0.4267661029220715,
          1.7362920826364048
        ],
        [
          0.06913643828810906,
          0.9664015473929799,
          0.2475645413530052,
          1.2668907985646904
        ],
        [
          0.0,
          0.0,
          0.0,
          1.0
        ]
      ]
    },
    {
      "file_path": "./images/0035.jpg",
      "sharpness": 3.9078949342938993,
      "transform_matrix": [
        [
          0.22934745843309232,
          0.006113347448334573,
          0.9733254185166305,
          3.2315156627440955
        ],
        [
          0.898543653639333,
          0.38310118547305266,
          -0.2141326322500573,
          -0.7288151765328218
        ],
        [
          -0.3741911888657472,
          0.923686152708105,
          0.08237017365875603,
          0.6159863418045672
        ],
        [
          0.0,
          0.0,
          0.0,
          1.0
        ]
      ]
    },
    {
      "file_path": "./images/0102.jpg",
      "sharpness": 3.774385122691131,
      "transform_matrix": [
        [
          -0.6991983226095274,
          0.1324029883388441,
          0.7025604275621308,
          2.955526300502165
        ],
        [
          0.6739259933564224,
          -0.20594781960947178,
          0.709513390343961,
          2.804091801919592
        ],
        [
          0.23863248134828427,
          0.9695643064352183,
          0.054768554576417855,
          0.2731461194820333
        ],
        [
          0.0,
          0.0,
          0.0,
          1.0
        ]
      ]
    },
    {
      "file_path": "./images/0037.jpg",
      "sharpness": 3.731480993049295,
      "transform_matrix": [
        [
          -0.07229868376619575,
          -0.07026978600996553,
          0.9949045469476488,
          3.3085028238723115
        ],
        [
          0.9492331016962808,
          0.3013452867033316,
          0.09026370713893378,
          -0.08681925040317916
        ],
        [
          -0.30615260732750654,
          0.950922276208852,
          0.04491553934197576,
          0.22939598011382545
        ],
        [
          0.0,
          0.0,
          0.0,
          1.0
        ]
      ]
    },
    {
      "file_path": "./images/0098.jpg",
      "sharpness": 3.7903689033718786,
      "transform_matrix": [
        [
          -0.4977905111470678,
          -0.09905595402017714,
          0.8616220314165662,
          4.32705917010791
        ],
        [
          0.8620572401611671,
          -0.1655515455864182,
          0.4790093949395753,
          2.017655346061733
        ],
        [
          0.09519412641195457,
          0.9812138420162425,
          0.16780189084281558,
          0.8583176773487486
        ],
        [
          0.0,
          0.0,
          0.0,
          1.0
        ]
      ]
    },
    {
      "file_path": "./images/0036.jpg",
      "sharpness": 3.8320866354934324,
      "transform_matrix": [
        [
          0.012723929762752615,
          -0.050964183608965555,
          0.998619423823601,
          3.199478569652299
        ],
        [
          0.948230740483613,
          0.31755543124367047,
          0.004124426052656633,
          -0.45077414824396983
        ],
        [
          -0.31732721978723855,
          0.9468691568061666,
          0.052366358564597267,
          0.42724816053041964
        ],
        [
          0.0,
          0.0,
          0.0,
          1.0
        ]
      ]
    },
    {
      "file_path": "./images/0100.jpg",
      "sharpness": 3.595442221190504,
      "transform_matrix": [
        [
          -0.6959483731265959,
          0.02245568094236777,
          0.7177406247198049,
          3.8576049409668545
        ],
        [
          0.6967605722115296,
          -0.2206915953282449,
          0.682510018068346,
          2.5123976066192326
        ],
        [
          0.17372555070701748,
          0.9750851050965013,
          0.1379437236286014,
          0.22399906223786925
        ],
        [
          0.0,
          0.0,
          0.0,
          1.0
        ]
      ]
    },
    {
      "file_path": "./images/0053.jpg",
      "sharpness": 5.051016107241689,
      "transform_matrix": [
        [
          -0.8922834195402165,
          0.10026177985875911,
          0.4402020839915334,
          2.0921224930685276
        ],
        [
          0.4256844050829624,
          -0.13799778717281527,
          0.8942870892533834,
          3.747364748918015
        ],
        [
          0.15040972877294642,
          0.9853447042898916,
          0.08045326131580784,
          0.36971644201226933
        ],
        [
          0.0,
          0.0,
          0.0,
          1.0
        ]
      ]
    },
    {
      "file_path": "./images/0101.jpg",
      "sharpness": 3.401731288088134,
      "transform_matrix": [
        [
          -0.7049620241103166,
          0.07322949429097551,
          0.7054544533600241,
          3.4961816761244853
        ],
        [
          0.6757520472709169,
          -0.23269929960564878,
          0.6994356343316538,
          2.51316800071298
        ],
        [
          0.21537807499175812,
          0.969787851627748,
          0.1145591885713106,
          0.21020590410063686
        ],
        [
          0.0,
          0.0,
          0.0,
          1.0
        ]
      ]
    },
    {
      "file_path": "./images/0041.jpg",
      "sharpness": 4.927327826064254,
      "transform_matrix": [
        [
          -0.2864346734047904,
          -0.13891465208617015,
          0.9479756839416223,
          3.6062025814466065
        ],
        [
          0.9462797032652966,
          0.11392189332637653,
          0.30261613540886084,
          1.0090752767229327
        ],
        [
          -0.15003299990797958,
          0.9837299028158518,
          0.09882093544670703,
          0.09460286742374603
        ],
        [
          0.0,
          0.0,
          0.0,
          1.0
        ]
      ]
    },
    {
      "file_path": "./images/0099.jpg",
      "sharpness": 4.111215266315901,
      "transform_matrix": [
        [
          -0.5884748177271841,
          -0.01695814339450277,
          0.8083376833421079,
          4.150995833926962
        ],
        [
          0.7958504461076251,
          -0.18841701787844345,
          0.5754312250867226,
          2.223465177519633
        ],
        [
          0.1425463305053945,
          0.9819426911908602,
          0.12437481623838875,
          0.45355306934278034
        ],
        [
          0.0,
          0.0,
          0.0,
          1.0
        ]
      ]
    },
    {
      "file_path": "./images/0034.jpg",
      "sharpness": 5.273985800967441,
      "transform_matrix": [
        [
          0.3397768238032192,
          0.035860431184796655,
          0.9398221850535099,
          3.3417588011040213
        ],
        [
          0.858890452973021,
          0.39533596326262127,
          -0.325602005435673,
          -1.0333222679448968
        ],
        [
          -0.38322173713326857,
          0.917836317465595,
          0.1035258159484418,
          0.6237503911084921
        ],
        [
          0.0,
          0.0,
          0.0,
          1.0
        ]
      ]
    },
    {
      "file_path": "./images/0042.jpg",
      "sharpness": 4.187825998396917,
      "transform_matrix": [
        [
          -0.326043986321967,
          -0.11846604332787739,
          0.937902508579029,
          3.614919359314949
        ],
        [
          0.9357887367605051,
          0.10033568721875982,
          0.33798252916864785,
          1.507232713163938
        ],
        [
          -0.1341445456870343,
          0.9878757748250045,
          0.07814534160365114,
          0.06872454672620573
        ],
        [
          0.0,
          0.0,
          0.0,
          1.0
        ]
      ]
    },
    {
      "file_path": "./images/0040.jpg",
      "sharpness": 4.767989961432217,
      "transform_matrix": [
        [
          -0.3109558025138428,
          -0.1315697354897176,
          0.9412735487749854,
          3.5821300556348468
        ],
        [
          0.9336001773414124,
          0.14323575270913036,
          0.32844212277759094,
          0.9335047714898184
        ],
        [
          -0.17803706848150835,
          0.980904135930763,
          0.07829353995362108,
          -0.0009335066757569452
        ],
        [
          0.0,
          0.0,
          0.0,
          1.0
        ]
      ]
    },
    {
      "file_path": "./images/0038.jpg",
      "sharpness": 6.0205825581524275,
      "transform_matrix": [
        [
          -0.09518791688453519,
          -0.057278691983137196,
          0.9938100482291374,
          3.4890305018901655
        ],
        [
          0.9530948534038723,
          0.28290256377771245,
          0.10759340046567184,
          0.3469010468794379
        ],
        [
          -0.28731421979676663,
          0.957436833889096,
          0.027663120811538922,
          0.13811725510875728
        ],
        [
          0.0,
          0.0,
          0.0,
          1.0
        ]
      ]
    },
    {
      "file_path": "./images/0043.jpg",
      "sharpness": 6.017257418034605,
      "transform_matrix": [
        [
          -0.3985869787757094,
          -0.08862573650046554,
          0.9128383751889045,
          3.664379874615575
        ],
        [
          0.9091658455631265,
          0.09270610482279264,
          0.40598404327114723,
          1.6713255950870427
        ],
        [
          -0.1206063249388726,
          0.9917414264796843,
          0.04362404642871944,
          -0.06542683742447726
        ],
        [
          0.0,
          0.0,
          0.0,
          1.0
        ]
      ]
    },
    {
      "file_path": "./images/0046.jpg",
      "sharpness": 7.6937413186620836,
      "transform_matrix": [
        [
          -0.6291618852246602,
          -0.03700279080029546,
          0.7763930162558508,
          3.4546112734713517
        ],
        [
          0.7769711035486996,
          -0.0020437137885163355,
          0.6295329439234971,
          2.647399359668669
        ],
        [
          -0.021707750713265396,
          0.9993130724377496,
          0.03003592602252979,
          -0.10605454148275578
        ],
        [
          0.0,
          0.0,
          0.0,
          1.0
        ]
      ]
    },
    {
      "file_path": "./images/0047.jpg",
      "sharpness": 4.989988802842203,
      "transform_matrix": [
        [
          -0.6657463972130294,
          -0.03152826112767982,
          0.7455117057333527,
          3.3782095199819553
        ],
        [
          0.7459975772456342,
          -0.05009790406219427,
          0.6640616046369019,
          2.8273963568446643
        ],
        [
          0.016411866235213925,
          0.9982465470998622,
          0.05687250555334658,
          -0.16939671557042882
        ],
        [
          0.0,
          0.0,
          0.0,
          1.0
        ]
      ]
    },
    {
      "file_path": "./images/0044.jpg",
      "sharpness": 9.413446158205778,
      "transform_matrix": [
        [
          -0.48411413220701716,
          -0.1102474469581689,
          0.8680316857545984,
          3.5977455154057347
        ],
        [
          0.8676189896550488,
          0.06814085874075716,
          0.49253843724195023,
          1.9838235730100025
        ],
        [
          -0.11344952971619668,
          0.9915655923069607,
          0.06266482584477255,
          -0.050569018948380146
        ],
        [
          0.0,
          0.0,
          0.0,
          1.0
        ]
      ]
    },
    {
      "file_path": "./images/0045.jpg",
      "sharpness": 9.284856756644588,
      "transform_matrix": [
        [
          -0.5656514397157022,
          -0.08429690881912427,
          0.8203246186409442,
          3.4409536783978507
        ],
        [
          0.821479036245864,
          0.029475739444169938,
          0.5694764031928836,
          2.3462796247305584
        ],
        [
          -0.07218477515329183,
          0.9960046244800935,
          0.05257514896195993,
          -0.07959081594577898
        ],
        [
          0.0,
          0.0,
          0.0,
          1.0
        ]
      ]
    },
    {
      "file_path": "./images/0048.jpg",
      "sharpness": 7.510551244298549,
      "transform_matrix": [
        [
          -0.6557389320293279,
          -0.005836119106175853,
          0.7549651599723871,
          3.1104057478125933
        ],
        [
          0.7543704347690539,
          -0.04549304970757669,
          0.654870696836689,
          3.044207691721928
        ],
        [
          0.03052376416422909,
          0.9989476073248503,
          0.03423415953749328,
          0.009925569440940845
        ],
        [
          0.0,
          0.0,
          0.0,
          1.0
        ]
      ]
    },
    {
      "file_path": "./images/0049.jpg",
      "sharpness": 2.6243499200254337,
      "transform_matrix": [
        [
          -0.7301034983084794,
          -0.0009653035446017949,
          0.6833358983575384,
          2.772465997952562
        ],
        [
          0.6815392373402795,
          -0.07351011410701948,
          0.7280800306905286,
          3.0413701602057204
        ],
        [
          0.049529281627305896,
          0.9972940044695315,
          0.05432788371218018,
          0.11825688935471937
        ],
        [
          0.0,
          0.0,
          0.0,
          1.0
        ]
      ]
    },
    {
      "file_path": "./images/0039.jpg",
      "sharpness": 3.024766589268022,
      "transform_matrix": [
        [
          -0.22853413855501273,
          -0.0874334869610232,
          0.9696017393291289,
          3.589846291239497
        ],
        [
          0.9430533087387013,
          0.22739277253962573,
          0.24278176182416913,
          0.7877663764466631
        ],
        [
          -0.2417076837721218,
          0.9698700492284896,
          0.03048742778717572,
          0.013780037847894345
        ],
        [
          0.0,
          0.0,
          0.0,
          1.0
        ]
      ]
    },
    {
      "file_path": "./images/0050.jpg",
      "sharpness": 7.270288366414557,
      "transform_matrix": [
        [
          -0.7847647046881202,
          0.031972127434149004,
          0.6189686109815417,
          2.6623314123738857
        ],
        [
          0.6129200202149194,
          -0.10828798696974641,
          0.7826894407736066,
          2.99590060545151
        ],
        [
          0.09205111142242778,
          0.9936053014064165,
          0.06538423312233138,
          0.07950540812864659
        ],
        [
          0.0,
          0.0,
          0.0,
          1.0
        ]
      ]
    },
    {
      "file_path": "./images/0051.jpg",
      "sharpness": 5.4652420907805315,
      "transform_matrix": [
        [
          -0.8242585613742447,
          0.04245942969358833,
          0.5646193592754971,
          2.4665138634683834
        ],
        [
          0.5556772232870305,
          -0.13081703860421978,
          0.8210418539462867,
          3.18701052693329
        ],
        [
          0.10872280139215831,
          0.9904968951381196,
          0.08423332604866918,
          0.14755356021271707
        ],
        [
          0.0,
          0.0,
          0.0,
          1.0
        ]
      ]
    },
    {
      "file_path": "./images/0052.jpg",
      "sharpness": 9.041299660913705,
      "transform_matrix": [
        [
          -0.8549903388446483,
          0.05886576943566277,
          0.5152924817114817,
          2.1675660143538575
        ],
        [
          0.503361733634509,
          -0.14522429736064524,
          0.8517845200338445,
          3.5153795276178146
        ],
        [
          0.12497393975695205,
          0.9876460523294828,
          0.09453459545398961,
          0.27003779381449855
        ],
        [
          0.0,
          0.0,
          0.0,
          1.0
        ]
      ]
    },
    {
      "file_path": "./images/0054.jpg",
      "sharpness": 5.822849631807352,
      "transform_matrix": [
        [
          -0.9043724596243929,
          0.10967412537197609,
          0.4124100393226803,
          1.9895949398521706
        ],
        [
          0.3965765877910868,
          -0.140906173997667,
          0.9071231780447657,
          3.907450315241664
        ],
        [
          0.1575990619158933,
          0.9839293858760174,
          0.08393747274554267,
          0.4405230525301811
        ],
        [
          0.0,
          0.0,
          0.0,
          1.0
        ]
      ]
    },
    {
      "file_path": "./images/0056.jpg",
      "sharpness": 6.265855995934997,
      "transform_matrix": [
        [
          -0.9298742921514717,
          0.1640842317110937,
          0.3292569904146251,
          1.222548608487842
        ],
        [
          0.29533977548055296,
          -0.20065643241315828,
          0.934083193913175,
          3.833750950241183
        ],
        [
          0.21933585627118,
          0.9658226343750577,
          0.13812465790237188,
          0.8120198485907969
        ],
        [
          0.0,
          0.0,
          0.0,
          1.0
        ]
      ]
    },
    {
      "file_path": "./images/0055.jpg",
      "sharpness": 5.884170031079419,
      "transform_matrix": [
        [
          -0.9169372078386693,
          0.13482283339059317,
          0.37556485527119615,
          1.6913646549397787
        ],
        [
          0.3438233629108416,
          -0.21071944947747048,
          0.9150862302151144,
          4.042840771731132
        ],
        [
          0.20251333790015077,
          0.9682045843955269,
          0.1468612636676515,
          0.46801457243997924
        ],
        [
          0.0,
          0.0,
          0.0,
          1.0
        ]
      ]
    },
    {
      "file_path": "./images/0061.jpg",
      "sharpness": 4.826456885969165,
      "transform_matrix": [
        [
          0.8442315659781356,
          0.12766671239191965,
          0.5205518932733418,
          1.829279926271524
        ],
        [
          0.3238657983344294,
          0.6523509058214512,
          -0.685236630912164,
          -1.6359716832816544
        ],
        [
          -0.42706440698300696,
          0.7470873484700273,
          0.5093883450593579,
          1.7713360651653796
        ],
        [
          0.0,
          0.0,
          0.0,
          1.0
        ]
      ]
    },
    {
      "file_path": "./images/0062.jpg",
      "sharpness": 4.08354888868921,
      "transform_matrix": [
        [
          0.7811419199080127,
          0.11331186230221663,
          0.6139851161562018,
          2.0221337331428364
        ],
        [
          0.4193081410707928,
          0.6334119242493182,
          -0.650361451080282,
          -1.6512686915120587
        ],
        [
          -0.4625991610764195,
          0.7654735502316043,
          0.447272020257529,
          1.5427180663885653
        ],
        [
          0.0,
          0.0,
          0.0,
          1.0
        ]
      ]
    },
    {
      "file_path": "./images/0063.jpg",
      "sharpness": 4.885336611578924,
      "transform_matrix": [
        [
          0.7095056486224091,
          0.0549000511492922,
          0.7025579826562479,
          2.232661554592359
        ],
        [
          0.5260931143024271,
          0.6220428641373871,
          -0.5799040526328882,
          -1.7204843578330833
        ],
        [
          -0.46885794190530455,
          0.781056118075717,
          0.41246038690624426,
          1.4251200527186774
        ],
        [
          0.0,
          0.0,
          0.0,
          1.0
        ]
      ]
    },
    {
      "file_path": "./images/0064.jpg",
      "sharpness": 5.361289987337275,
      "transform_matrix": [
        [
          0.6758981064978372,
          0.05323016730287633,
          0.735070268041677,
          2.4823622530688576
        ],
        [
          0.5668932997193048,
          0.5997944998828337,
          -0.5646933191072636,
          -1.7231946969088023
        ],
